{
  "numberofnodes": 17735,
  "numberofnodes30dchange": 0.12987746343667084,
  "numberofchannels": 86940,
  "numberofchannels30dchange": 2.1165636965867236,
  "networkcapacity": 443943290832,
  "networkcapacity30dchange": 9.1285559668387179,
  "networkcapacityusd": 102042629.50851844,
  "publicipnodes": 15281,
  "ipv6nodes": 156,
  "tornodes": 12451,
  "newnodes24h": 21,
  "newchannels24h": 278,
  "updatednodes24h": 7586,
  "updatedchannels24h": 76329,
  "layer1capacityratio": 0.00021140156706285715,
  "averagenodecapacity": 0.25032198524499577,
  "averagenodecapacityusd": 5753.7784950687019,
  "averagechannelcapacity": 0.051018382920879672,
  "averagechannelcapacityusd": 1172.6835508117088,
  "averagenodeagedays": 569.71814814814809,
  "averagechannelagedays": 340.82642361111112,
  "averagechannelpernode": 9.80456723992106,
  "medianbasefee": 0.9892813117401138,
  "medianbasefeeusd": 0.00022739135483815503,
  "medianfeerate": 2.815947701202938E-05,
  "medianfeerateusd": 6.4725994045477141E-09
}
