{
  "numberofnodes": 17635,
  "numberofnodes30dchange": 1.4207650273224033,
  "numberofchannels": 85374,
  "numberofchannels30dchange": 1.4304383984792679,
  "networkcapacity": 396279675926,
  "networkcapacity30dchange": 6.1100171837761792,
  "networkcapacityusd": 118854736.59365185,
  "publicipnodes": 15292,
  "ipv6nodes": 130,
  "tornodes": 12429,
  "newnodes24h": 33,
  "newchannels24h": 462,
  "updatednodes24h": 7531,
  "updatedchannels24h": 76651,
  "layer1capacityratio": 0.00018870460758380951,
  "averagenodecapacity": 0.22471359564842641,
  "averagenodecapacityusd": 6739.75397738882,
  "averagechannelcapacity": 0.046376287100250393,
  "averagechannelcapacityusd": 1390.9472835344538,
  "averagenodeagedays": 529.821400462963,
  "averagechannelagedays": 321.52298611111109,
  "averagechannelpernode": 9.6825630847745963,
  "medianbasefee": 1.0,
  "medianbasefeeusd": 0.0002999264,
  "medianfeerate": 3.7049566255643094E-05,
  "medianfeerateusd": 1.1112143028616513E-08
}
