{
  "numberofnodes": 17788,
  "numberofnodes30dchange": 0.49158096960108821,
  "numberofchannels": 87336,
  "numberofchannels30dchange": 1.6918365683546313,
  "networkcapacity": 455810322909,
  "networkcapacity30dchange": 8.0691674059536211,
  "networkcapacityusd": 109280069.10710986,
  "publicipnodes": 15323,
  "ipv6nodes": 158,
  "tornodes": 12509,
  "newnodes24h": 39,
  "newchannels24h": 480,
  "updatednodes24h": 7470,
  "updatedchannels24h": 78137,
  "layer1capacityratio": 0.00021705253471857144,
  "averagenodecapacity": 0.25624751119237688,
  "averagenodecapacityusd": 6143.5084560861169,
  "averagechannelcapacity": 0.052144647288511696,
  "averagechannelcapacityusd": 1250.1627042773391,
  "averagenodeagedays": 574.63399305555549,
  "averagechannelagedays": 343.08594907407405,
  "averagechannelpernode": 9.8198785698223521,
  "medianbasefee": 0.94986642421461487,
  "medianbasefeeusd": 0.00022772952533902974,
  "medianfeerate": 2.8018292613756747E-05,
  "medianfeerateusd": 6.7173576358555669E-09
}
