{
  "numberofnodes": 17663,
  "numberofnodes30dchange": 1.2556619459893454,
  "numberofchannels": 85340,
  "numberofchannels30dchange": 1.0478953288733663,
  "networkcapacity": 399483716744,
  "networkcapacity30dchange": 5.1105484507710059,
  "networkcapacityusd": 113260424.92010865,
  "publicipnodes": 15312,
  "ipv6nodes": 130,
  "tornodes": 12453,
  "newnodes24h": 24,
  "newchannels24h": 350,
  "updatednodes24h": 8147,
  "updatedchannels24h": 77137,
  "layer1capacityratio": 0.00019023034130666666,
  "averagenodecapacity": 0.22617135636301874,
  "averagenodecapacityusd": 6412.3424441973984,
  "averagechannelcapacity": 0.04676978370505197,
  "averagechannelcapacityusd": 1326.002876670522,
  "averagenodeagedays": 533.29040509259255,
  "averagechannelagedays": 323.31836805555554,
  "averagechannelpernode": 9.6633640944346944,
  "medianbasefee": 1.0,
  "medianbasefeeusd": 0.000283517,
  "medianfeerate": 3.885265539843809E-05,
  "medianfeerateusd": 1.1015388300598972E-08
}
